<?xml version="1.0"?>
<opencv_storage>
<calibration_time>"Fri Nov  9 12:16:51 2012"</calibration_time>
<image_width>1024</image_width>
<image_height>972</image_height>
<board_width>6</board_width>
<board_height>8</board_height>
<square_size>1.</square_size>
<!-- flags: +fix_principal_point+zero_tangent_dist -->
<flags>28684</flags>
<camera_matrix type_id="opencv-matrix">
  <rows>3</rows>
  <cols>3</cols>
  <dt>d</dt>
  <data>
    2.4895781072756435e+02 0. 5.1150000000000000e+02 0.
    2.5120098767262286e+02 4.8550000000000000e+02 0. 0. 1.</data></camera_matrix>
<distortion_coefficients type_id="opencv-matrix">
  <rows>8</rows>
  <cols>1</cols>
  <dt>d</dt>
  <data>
    6.8811342503630010e-02 -4.6317965163048555e-04 0. 0.
    1.6140022989251402e-06 2.5168012049416111e-01 0. 0.</data></distortion_coefficients>
<avg_reprojection_error>1.9982876900881787e+00</avg_reprojection_error>
</opencv_storage>
