<?xml version="1.0"?>
<opencv_storage>
<rvec type_id="opencv-matrix">
  <rows>3</rows>
  <cols>1</cols>
  <dt>d</dt>
  <data>
    -3.1151522198971153e+00 -5.2993628616952525e-02
    -6.8190376378739420e-03</data></rvec>
<tvec type_id="opencv-matrix">
  <rows>3</rows>
  <cols>1</cols>
  <dt>d</dt>
  <data>
    -6.5365782059697267e+01 6.6484672574864617e+03
    2.4542229005840022e+03</data></tvec>
</opencv_storage>
