<?xml version="1.0"?>
<opencv_storage>
<calibration_time>"Sat Nov 10 00:53:55 2012"</calibration_time>
<image_width>1024</image_width>
<image_height>972</image_height>
<board_width>6</board_width>
<board_height>8</board_height>
<square_size>1.</square_size>
<!-- flags: +fix_principal_point+zero_tangent_dist -->
<flags>28684</flags>
<camera_matrix type_id="opencv-matrix">
  <rows>3</rows>
  <cols>3</cols>
  <dt>d</dt>
  <data>
    2.4421175271076649e+02 0. 5.1150000000000000e+02 0.
    2.4625781693656054e+02 4.8550000000000000e+02 0. 0. 1.</data></camera_matrix>
<distortion_coefficients type_id="opencv-matrix">
  <rows>8</rows>
  <cols>1</cols>
  <dt>d</dt>
  <data>
    6.3330476278640510e-02 -2.6146673419499703e-04 0. 0.
    -1.5119170001378560e-06 2.4162540408103081e-01 0. 0.</data></distortion_coefficients>
<avg_reprojection_error>1.9116806608102870e+00</avg_reprojection_error>
</opencv_storage>
