<?xml version="1.0"?>
<opencv_storage>
<rvec type_id="opencv-matrix">
  <rows>3</rows>
  <cols>1</cols>
  <dt>d</dt>
  <data>
    -1.8118860321538128e+00 -2.5359085445143341e+00
    2.4942007247250132e-02</data></rvec>
<tvec type_id="opencv-matrix">
  <rows>3</rows>
  <cols>1</cols>
  <dt>d</dt>
  <data>
    2.2362404246018668e+03 -7.9602782965450103e+02
    2.6228201634349562e+03</data></tvec>
</opencv_storage>
