<?xml version="1.0"?>
<opencv_storage>
<rvec type_id="opencv-matrix">
  <rows>3</rows>
  <cols>1</cols>
  <dt>d</dt>
  <data>
    -1.7839460853590745e+00 -2.5421660805923540e+00
    -9.2622848990652693e-02</data></rvec>
<tvec type_id="opencv-matrix">
  <rows>3</rows>
  <cols>1</cols>
  <dt>d</dt>
  <data>
    2.9503692805509500e+03 -3.0398377638713905e+03
    2.5242638797323625e+03</data></tvec>
</opencv_storage>
