<?xml version="1.0"?>
<opencv_storage>
<rvec type_id="opencv-matrix">
  <rows>3</rows>
  <cols>1</cols>
  <dt>d</dt>
  <data>
    -1.0131331479184853e+00 -2.9489360729279785e+00
    -3.8875307422623920e-02</data></rvec>
<tvec type_id="opencv-matrix">
  <rows>3</rows>
  <cols>1</cols>
  <dt>d</dt>
  <data>
    8.9096868404766030e+02 -2.0717872920876634e+03
    2.5505012993036080e+03</data></tvec>
</opencv_storage>
