<?xml version="1.0"?>
<opencv_storage>
<calibration_time>"Fri 21 Sep 2012 17:33:13 BST"</calibration_time>
<image_width>1024</image_width>
<image_height>972</image_height>
<board_width>6</board_width>
<board_height>8</board_height>
<square_size>1.</square_size>
<flags>0</flags>
<camera_matrix type_id="opencv-matrix">
  <rows>3</rows>
  <cols>3</cols>
  <dt>d</dt>
  <data>
    2.6494464810074822e+02 0. 5.3921906763937875e+02 0.
    2.6815712829678040e+02 5.0026815180411779e+02 0. 0. 1.</data></camera_matrix>
<distortion_coefficients type_id="opencv-matrix">
  <rows>5</rows>
  <cols>1</cols>
  <dt>d</dt>
  <data>
    -1.4191845400341041e-01 1.5805393762056516e-02
    8.8191801898497341e-04 1.3396620557894633e-03
    -6.5359554763979872e-04</data></distortion_coefficients>
<avg_reprojection_error>4.3056787664525746e+00</avg_reprojection_error>
</opencv_storage>
