<?xml version="1.0"?>
<opencv_storage>
<rvec type_id="opencv-matrix">
  <rows>3</rows>
  <cols>1</cols>
  <dt>d</dt>
  <data>
    -2.1292194014077546e+00 2.2724202153880007e+00
    3.8240084305031168e-02</data></rvec>
<tvec type_id="opencv-matrix">
  <rows>3</rows>
  <cols>1</cols>
  <dt>d</dt>
  <data>
    3.9756312192382693e+03 2.2876519501980179e+03 2.6996832625901679e+03</data></tvec>
</opencv_storage>
