<?xml version="1.0"?>
<opencv_storage>
<rvec type_id="opencv-matrix">
  <rows>3</rows>
  <cols>1</cols>
  <dt>d</dt>
  <data>
    3.0027197353718624e+00 -8.0442491373403036e-01
    3.5857573662651646e-02</data></rvec>
<tvec type_id="opencv-matrix">
  <rows>3</rows>
  <cols>1</cols>
  <dt>d</dt>
  <data>
    -4.7036768168191520e+03 5.6944750886800148e+03
    2.7333130939046523e+03</data></tvec>
</opencv_storage>
