<?xml version="1.0"?>
<opencv_storage>
<rvec type_id="opencv-matrix">
  <rows>3</rows>
  <cols>1</cols>
  <dt>d</dt>
  <data>
    -2.8959640018498374e+00 1.1846740175288486e+00
    -6.9203526848207977e-02</data></rvec>
<tvec type_id="opencv-matrix">
  <rows>3</rows>
  <cols>1</cols>
  <dt>d</dt>
  <data>
    6.0381080335978118e+02 4.4051969668865440e+03 3.0045410842481415e+03</data></tvec>
</opencv_storage>
